43.4
13.4
97.9
27.4
10.9
96.0
31.9
12.3
121
10.8
13.4
26.6
35.7
28.9
79.1
30.2
11.7
93.1
24.8
15.1
60.4
12.5
67.6
32.1
102
15.3
12.7
66.7
15.0
12.4
79.3
14.1
19.4
87.6
22.5
13.1
16.3
21.6
32.7
11.3
25.2
12.2
24.5
11.0
13.5
33.0
12.7
78.9
11.3
71.9
11.4
24.4
16.4
18.2
51.4
39.5
11.2
13.6
13.5
81.0
96.9
30.2
15.3
80.4
28.1
65.7
16.5
35.0
14.8
22.7
89.4
11.4
15.6
14.0
105
39.6
113
95.1
13.2
25.5
40.0
85.2
15.5
91.4
13.0
49.0
86.6
14.4
13.3
37.1
15.0
78.8
11.4
88.6
15.1
13.7
36.2
94.4
13.3
59.7
15.5
10.5
56.3
17.4
65.6
14.0
62.7
101
17.9
17.0
13.3
81.2
14.9
13.5
12.1
14.6
11.7
10.0
14.2
11.6
44.7
10.7
13.6
35.5
115
23.4
42.9
114
26.9
82.9
