649,
642,
562,
315,
1671327,
649,
642,
1152,
315,
2668060,
649,
642,
1628,
315,
3998516,
649,
642,
1628,
315,
5065023,
6455090,
545,
7266046,
1135,
8467324,
1725,
9761638,
2206,
10831704,
2654,
12011224,
13095359,
345,
13985999,
594,
15320135,
1184,
16166893,
2364,
17611165,
2954,
18165696,
480,
19706630,
1070,
20803507,
1660,
21676280,
1847,
23197867,
2186,
23967302,
25152926,
540,
26432003,
1130,
27233486,
1130,
27708469,
1755,
28374424,
2345,
29472894,
30329178,
590,
31844302,
1116,
32926758,
1705,
34102230,
2295,
35265217,
2650,
36340111,
590,
37466901,
1180,
38313002,
1450,
39409457,
1699,
40596204,
2104,
41658990,
42774947,
426,
43874049,
857,
44524910,
1158,
45994885,
1748,
46831481,
2277,
47648016,
519,
48986550,
1109,
49878247,
1699,
51112696,
2289,
52408369,
2879,
53483621,
55379912,
356,
56437980,
671,
57633807,
857,
59146783,
1447,
60360570,
2037,
62331237,
63137167,
590,
64781955,
895,
66137844,
1263,
67109139,
1263,
67109139,
1263,
67109139,
67109139,
67109139,
67109139,
67109139,
67109139,
67109139,
67109139,
67109139,
67109139,
67109139,
67109139,
67109139,
67109139,
67109139,
67109139,
67109139,
67109139,
67109139,
67109139,
67109139,
