1512,
4086936,
1512,
6658848,
1512,
9983736,
1512,
12597984,
15552432,
17581536,
20563200,
23742936,
26305776,
28867104,
31617432,
33773544,
36774864,
38797920,
41964048,
43098048,
46897704,
49651056,
51636312,
55269648,
57217104,
60219936,
63454104,
65610216,
66789576,
68433120,
71132040,
73300248,
77051520,
79543296,
82467504,
85302504,
87875928,
90697320,
92991024,
95818464,
98691264,
101258640,
103892544,
106839432,
108464832,
112380912,
114526440,
116811072,
120444408,
122701824,
125361432,
125361432,
125362944,
1512,
125362944,
1512,
125362944,
1512,
125362944,
1512,
125362944,
1512,
125362944,
125362944,
125362944,
125362944,
125362944,
125362944,
125362944,
125362944,
125362944,
125362944,
125362944,
125362944,
125362944,
98,
125363042,
196,
125363140,
392,
125363336,
588,
125363532,
784,
125363728,
125363826,
125363826,
125363826,
125363826,
125363826,
125363826,
125363826,
125363826,
125363826,
125363826,
