590,
465,
512,
572,
509,
915,
229,
357,
865,
803,
179,
696,
619,
1160,
872,
862,
1675380,
1768854,
1489784,
1180,
465,
512,
572,
509,
915,
229,
357,
865,
803,
179,
696,
619,
1750,
1432,
862,
2690459,
2831223,
2392575,
1770,
465,
512,
572,
509,
915,
229,
357,
865,
803,
179,
696,
619,
1750,
1432,
862,
4036980,
4238018,
3653592,
1770,
465,
512,
572,
509,
915,
229,
357,
865,
803,
179,
696,
619,
1750,
1432,
862,
5131648,
5367986,
4622485,
6562897,
6813253,
5940200,
590,
590,
529,
7410866,
7640270,
6681460,
1180,
1132,
975,
8683424,
8852947,
7776712,
1770,
1722,
1330,
10047633,
10154309,
8961348,
2360,
2312,
1920,
11117829,
11249225,
9964899,
2605,
3474,
3100,
12342397,
12498025,
11130365,
590,
590,
13487835,
13606877,
12079606,
590,
1180,
869,
14427848,
14489905,
12910697,
1180,
1396,
1459,
15755880,
15810193,
14000409,
1770,
1713,
2049,
16597554,
16659914,
14746252,
2660,
2303,
2639,
18298577,
18272759,
16405223,
3189,
18948963,
18872923,
17035743,
590,
249,
590,
20624089,
20471448,
18456034,
885,
839,
1010,
21709231,
21585209,
19485253,
1424,
1301,
1251,
22563722,
22464553,
20319345,
2014,
1806,
1704,
24152331,
23975265,
21719299,
2604,
2331,
2203,
24849696,
24669772,
22319838,
26102871,
25869081,
23436964,
328,
589,
459,
27484104,
27144139,
24585489,
807,
1179,
1049,
28344360,
28005470,
25352048,
807,
1697,
1639,
28808843,
28531811,
25763497,
1748,
2237,
2229,
29523075,
29233247,
26446369,
2338,
2827,
2761,
30597488,
30346583,
27379936,
31558258,
31223482,
28204117,
489,
1151,
943,
33020280,
32732311,
29542670,
1079,
1741,
1132,
34032844,
33842888,
30493445,
1347,
2331,
1368,
35197651,
35018259,
31473853,
1937,
2921,
1958,
36443500,
36258659,
32553119,
2527,
37634253,
37326521,
33536543,
590,
590,
38841257,
38537806,
34587741,
590,
1180,
1180,
39709541,
39379603,
35402135,
1706,
1770,
1770,
40861388,
40478235,
36440247,
2296,
2360,
2360,
42082096,
41661435,
37480617,
2296,
2950,
2950,
43196277,
42667573,
38473638,
3189,
44325660,
43803354,
39437524,
355,
590,
389,
45566721,
44985535,
40540202,
945,
862,
653,
46263790,
45636789,
41181609,
1535,
1218,
1243,
47812482,
47202999,
42558704,
1741,
1808,
1833,
48678031,
48078938,
43343795,
2331,
2398,
2423,
49579216,
49038357,
44229961,
51004333,
50450973,
45592595,
584,
412,
590,
51858683,
51350437,
46391157,
1174,
1002,
1068,
53208475,
52601518,
47548251,
1417,
1592,
1658,
54477419,
53870462,
48639382,
2007,
2031,
2129,
55500209,
54890250,
49556100,
2560,
2621,
2352,
57487688,
56832645,
51362566,
58675368,
57971062,
52379612,
590,
581,
181,
59921949,
59140345,
53419099,
1032,
1065,
356,
61554923,
60797479,
54828608,
1622,
1258,
946,
62872637,
61972729,
55919608,
2212,
2438,
1367,
64903361,
64031449,
57733667,
2802,
3028,
1957,
65674453,
64847110,
58424309,
590,
590,
67515611,
66674732,
59998219,
351,
902,
1180,
68977819,
68156743,
61218711,
934,
902,
1180,
69972603,
69131054,
62092682,
934,
902,
1180,
69972603,
69131054,
62092682,
934,
902,
1180,
69972603,
69131054,
62092682,
934,
69972603,
69131054,
62092682,
69972603,
69131054,
62092682,
69972603,
69131054,
62092682,
69972603,
69131054,
62092682,
69972603,
69131054,
62092682,
69972603,
69131054,
62092682,
69972603,
69131054,
62092682,
69972603,
69131054,
62092682,
69972603,
69131054,
62092682,
69972603,
69131054,
62092682,
69972603,
69131054,
62092682,
69972603,
69131054,
62092682,
69972603,
69131054,
62092682,
69972603,
69131054,
62092682,
69972603,
69131054,
62092682,
69972603,
69131054,
62092682,
69972603,
69131054,
62092682,
69972603,
69131054,
62092682,
69972603,
69131054,
62092682,
69972603,
69131054,
62092682,
