67.1
36.5
0.852
28.1
8.66
19.6
4.57
89.6
54.2
39.9
59.6
43.2
8.75
34.1
2.45
1.85
76.9
70.9
60.2
23.0
71.3
25.9
20.4
69.8
20.9
89.5
16.6
18.5
67.8
18.8
25.2
45.6
0.785
3.86
12.5
11.5
88.2
55.3
10.7
84.3
27.9
17.9
59.4
14.9
21.6
73.0
14.9
100
63.3
46.2
155
21.8
84.8
58.4
56.3
129
13.3
53.5
20.0
53.1
4.47
0.805
126
20.7
28.9
163
24.6
18.7
74.0
21.8
24.1
90.2
33.9
21.2
22.6
23.5
44.0
67.3
42.4
147
11.2
21.5
48.7
22.7
158
47.2
38.8
90.4
34.2
28.6
48.8
3.52
17.7
88.4
13.9
18.5
11.5
75.9
15.1
21.6
11.8
90.5
17.3
119
26.2
57.3
17.8
19.5
36.7
101
17.1
86.7
17.1
15.4
92.3
65.5
19.5
27.0
40.4
37.3
7.73
0.947
2.39
36.0
10.5
14.1
85.8
12.1
102
110
16.3
80.3
34.2
119
13.6
77.0
140
41.2
94.9
22.2
110
27.2
23.9
49.8
117
35.1
41.9
142
60.4
