9.90
0.778
0.507
0.565
0.594
0.503
0.484
0.595
0.527
0.582
0.521
0.521
0.733
0.590
0.589
0.573
0.512
0.523
0.527
0.538
0.514
0.536
0.573
0.556
0.549
0.567
0.486
0.515
0.537
0.602
0.608
0.849
0.484
0.495
0.602
0.531
0.451
0.577
0.566
0.619
0.539
0.582
0.555
0.508
0.566
0.517
0.506
0.576
0.551
0.560
0.582
0.591
0.529
0.560
0.609
0.528
0.510
0.513
0.554
0.581
0.593
0.511
3.59
0.487
0.538
0.957
0.579
0.577
0.499
0.490
0.462
0.486
0.478
0.466
0.538
0.441
0.536
0.595
0.546
0.512
0.536
0.566
0.532
0.578
0.574
0.560
0.666
0.550
0.543
0.547
0.515
0.547
3.18
0.578
0.545
0.517
0.577
0.538
0.522
0.552
0.598
0.641
0.457
0.570
0.463
0.537
0.593
0.558
0.566
0.522
0.574
0.540
0.517
0.519
0.600
0.606
0.505
0.521
0.555
0.595
0.493
0.579
0.540
2.98
0.455
0.564
0.418
0.416
1.59
0.539
0.499
0.556
0.539
0.572
0.462
0.489
0.514
0.435
0.415
0.545
0.486
0.583
0.520
0.561
0.490
0.516
0.473
0.500
0.551
0.561
0.495
0.628
0.480
